1,9251582.880,786143.200,585.753,2024_07_12_-_SDP_19_-_AÇUDE_SUPRESSAO_VT
2,9251578.618,786145.853,586.843,TN
3,9251573.524,786148.963,587.442,2024_07_12_-_SDP_19_-_AÇUDE_2_VT
4,9251572.096,786149.957,587.643,2024_07_12_-_SDP_19_-_AÇUDE_SUPRESSAO_ST
5,9251568.423,786152.267,587.934,2024_07_12_-_SDP_19_-_AÇUDE_3_VT
6,9251563.673,786155.262,588.437,2024_07_12_-_SDP_19_-_AÇUDE_SUPRESSAO_ST
7,9251559.127,786158.080,588.938,2024_07_12_-_SDP_19_-_AÇUDE_SUPRESSAO_VT
8,9251529.601,786110.969,587.348,TN
9,9251533.966,786108.500,586.769,2024_07_12_-_SDP_19_-_AÇUDE_4_VT
10,9251539.245,786105.649,586.095,TN
11,9251544.668,786102.756,585.442,TN
12,9251549.859,786099.888,584.823,TN
13,9251554.235,786097.458,584.236,TN
14,9251557.895,786102.998,584.428,2024_07_12_-_SDP_19_-_AÇUDE_SUPRESSAO_ST
15,9251563.165,786111.666,584.644,2024_07_12_-_SDP_19_-_AÇUDE_SUPRESSAO_ST
16,9251568.451,786120.164,585.049,2024_07_12_-_SDP_19_-_AÇUDE_SUPRESSAO_ST
17,9251573.758,786128.588,585.636,2024_07_12_-_SDP_19_-_AÇUDE_SUPRESSAO_ST
18,9251579.061,786137.113,585.860,2024_07_12_-_SDP_19_-_AÇUDE_SUPRESSAO_ST
19,9251574.978,786138.858,586.311,TN
20,9251572.225,786146.380,587.243,TN
21,9251561.279,786152.102,588.253,2024_07_12_-_SDP_19_-_AÇUDE_4_ST
22,9251564.047,786145.176,587.572,2024_07_12_-_SDP_19_-_AÇUDE_3_ST
23,9251566.740,786138.129,586.741,2024_07_12_-_SDP_19_-_AÇUDE_2_ST
24,9251569.502,786131.229,586.072,TN
25,9251564.205,786122.723,585.384,TN
26,9251561.511,786129.678,585.755,TN
27,9251558.733,786136.615,586.787,TN
28,9251556.039,786143.591,587.925,TN
29,9251550.805,786135.197,587.220,TN
30,9251553.408,786128.156,586.120,TN
31,9251556.080,786121.270,585.760,TN
32,9251558.806,786114.216,585.256,TN
33,9251553.616,786105.799,585.071,TN
34,9251550.830,786112.685,585.835,TN
35,9251548.225,786119.734,586.511,TN
36,9251545.343,786126.673,587.045,TN
37,9251540.095,786118.310,587.081,TN
38,9251542.934,786111.472,586.415,TN
39,9251545.406,786104.284,585.540,TN
40,9251535.471,786120.121,587.724,TN
41,9251540.769,786128.659,587.936,2024_07_12_-_SDP_19_-_AÇUDE_SUPRESSAO_ST
42,9251546.050,786137.096,587.800,TN
43,9251551.415,786145.558,588.373,TN
44,9251556.632,786154.081,588.791,TN
45,9251527.132,786040.189,578.908,TN
46,9251522.740,786031.243,577.742,TN
47,9251515.009,786014.738,576.847,TN
48,9251510.023,786004.143,576.231,2024_07_12_-_SDP_19_-_AÇUDE_SUPRESSAO_ST
49,9251505.624,785995.107,577.149,TN
50,9251501.309,785986.062,577.123,2024_07_12_-_SDP_19_-_AÇUDE_SUPRESSAO_ST
51,9251496.980,785977.023,576.794,TN
52,9251492.687,785968.040,576.726,TN
53,9251488.473,785959.011,576.812,TN
54,9251484.126,785949.955,577.183,TN
55,9251479.944,785940.947,577.326,TN
56,9251475.556,785931.867,577.465,TN
57,9251471.344,785922.908,577.627,TN
58,9251467.066,785913.846,578.048,TN
59,9251462.770,785904.760,578.414,TN
60,9251458.441,785895.805,579.308,TN
61,9251454.104,785886.744,579.725,TN
62,9251448.925,785875.691,580.429,TN
63,9251425.593,785891.858,578.725,TN
64,9251431.314,785904.075,577.840,TN
65,9251435.720,785913.020,577.344,TN
66,9251439.968,785922.107,576.907,TN
67,9251444.249,785931.141,576.654,TN
68,9251448.530,785940.209,576.536,TN
69,9251452.660,785949.322,576.403,TN
70,9251457.022,785957.718,576.432,TN
71,9251461.326,785967.160,576.246,TN
72,9251465.666,785976.290,575.912,TN
73,9251469.955,785985.259,575.569,TN
74,9251474.262,785994.296,576.029,TN
75,9251478.479,786002.961,576.138,TN
76,9251482.347,786011.428,576.358,TN
77,9251487.144,786021.451,576.490,TN
78,9251491.445,786030.414,578.841,TN
79,9251495.728,786039.552,579.734,TN
80,9251500.659,786049.963,581.189,TN
81,9251504.264,786057.625,581.947,TN
82,9251508.557,786066.688,582.848,TN
83,9251512.798,786075.142,584.286,TN
84,9251517.067,786084.830,585.676,TN
85,9251521.433,786093.649,585.992,TN
86,9251525.652,786102.772,586.623,TN
87,9251534.827,786109.642,586.956,TN
88,9251537.928,786102.517,585.869,TN
89,9251541.162,786095.370,585.027,TN
90,9251544.336,786088.141,584.225,2024_07_12_-_SDP_19_-_AÇUDE_1_ST
91,9251548.536,786085.415,583.575,TN
92,9251548.613,786097.212,584.609,TN
93,9251552.897,786094.441,584.112,TN
94,9251544.232,786076.391,582.959,TN
95,9251539.948,786079.027,583.846,TN
96,9251536.729,786086.319,584.320,TN
97,9251533.565,786093.529,585.279,TN
98,9251530.352,786100.744,586.159,TN
99,9251526.023,786091.764,585.525,TN
100,9251529.280,786084.490,584.981,TN
101,9251532.481,786077.297,584.607,TN
102,9251535.695,786070.053,582.589,TN
103,9251539.983,786067.391,582.041,TN
104,9251531.416,786060.979,581.618,TN
105,9251528.180,786068.233,582.571,TN
106,9251524.892,786075.503,584.240,Rocha
107,9251521.775,786082.642,585.207,TN
108,9251517.451,786073.616,583.911,TN
109,9251520.734,786066.388,582.633,TN
110,9251523.961,786059.237,581.702,TN
111,9251527.118,786052.713,580.736,TN
112,9251522.972,786043.102,579.609,TN
113,9251519.536,786050.190,580.719,TN
114,9251516.386,786057.411,581.696,TN
115,9251513.112,786064.595,582.575,TN
116,9251508.951,786055.579,581.157,TN
117,9251512.133,786048.353,580.551,TN
118,9251515.300,786041.104,579.781,TN
119,9251514.207,786024.894,576.796,TN
120,9251510.972,786032.097,578.270,TN
121,9251507.724,786038.648,579.357,TN
122,9251504.555,786046.539,580.674,TN
123,9251500.352,786037.529,579.434,TN
124,9251503.476,786030.291,578.721,2024_07_12_-_SDP_19_-_AÇUDE_3_ST
125,9251506.763,786023.118,576.586,TN
126,9251509.975,786015.843,576.148,TN
127,9251505.660,786006.763,576.458,TN
128,9251502.480,786014.059,576.009,2024_07_12_-_SDP_19_-_AÇUDE_2_ST
129,9251499.237,786021.244,576.399,TN
130,9251495.985,786028.473,578.468,TN
131,9251491.714,786019.532,576.288,TN
132,9251494.908,786012.314,576.431,TN
133,9251498.209,786005.021,575.895,TN
134,9251501.329,785997.781,576.718,TN
135,9251497.008,785988.786,576.754,TN
136,9251493.833,785995.977,576.357,TN
137,9251490.661,786003.204,575.617,TN
138,9251487.450,786010.459,576.427,TN
139,9251483.194,786001.367,576.205,TN
140,9251486.349,785994.247,576.208,TN
141,9251489.632,785986.957,576.342,TN
142,9251492.757,785979.800,576.606,2024_07_12_-_SDP_19_-_AÇUDE_1_ST
143,9251488.473,785970.653,576.550,TN
144,9251482.011,785985.111,576.107,TN
145,9251478.818,785992.367,575.617,TN
146,9251474.578,785983.406,576.031,TN
147,9251477.773,785976.128,576.182,TN
148,9251481.023,785968.913,576.411,TN
149,9251484.145,785961.646,576.636,TN
150,9251479.946,785952.616,576.994,TN
151,9251476.683,785959.843,576.649,TN
152,9251473.501,785967.113,576.356,TN
153,9251470.251,785974.233,576.022,TN
154,9251466.026,785965.275,576.331,TN
155,9251469.235,785958.071,576.629,TN
156,9251472.417,785950.823,576.889,TN
157,9251475.616,785943.552,577.118,TN
158,9251471.331,785934.515,577.197,TN
159,9251468.128,785941.791,576.955,TN
160,9251464.901,785949.002,576.826,TN
161,9251461.666,785956.260,576.540,TN
162,9251457.449,785947.236,576.551,TN
163,9251460.586,785939.962,576.844,TN
164,9251463.782,785932.750,577.216,TN
165,9251467.019,785925.540,577.533,TN
166,9251462.784,785916.497,577.797,TN
167,9251459.518,785923.750,577.377,TN
168,9251456.320,785930.960,576.999,TN
169,9251453.097,785938.126,576.727,TN
170,9251448.818,785929.173,576.760,TN
171,9251452.068,785921.886,577.139,TN
172,9251455.218,785914.687,577.562,TN
173,9251458.417,785907.463,578.100,TN
174,9251454.164,785898.394,579.016,TN
175,9251450.903,785905.665,578.152,TN
176,9251447.758,785912.914,577.434,TN
177,9251444.457,785919.583,577.023,TN
178,9251440.167,785911.057,577.414,TN
179,9251443.423,785903.892,578.038,TN
180,9251446.670,785896.681,578.684,TN
181,9251449.875,785889.368,579.486,TN
182,9251445.550,785880.325,580.201,TN
183,9251442.428,785887.640,579.598,TN
184,9251439.173,785894.815,578.956,TN
185,9251435.915,785902.036,578.128,TN
186,9251431.669,785892.946,578.740,TN
187,9251439.754,785882.072,579.880,TN
188,9251444.686,785878.579,580.386,TN
189,9251420.988,785887.168,578.723,TN
190,9251413.902,785880.057,578.874,TN
191,9251406.941,785872.941,579.183,TN
192,9251399.873,785865.803,579.429,TN
193,9251392.861,785858.693,579.690,TN
194,9251386.836,785852.560,579.680,TN
195,9251376.517,785847.752,579.437,TN
196,9251367.466,785843.595,578.996,TN
197,9251358.345,785839.379,578.587,TN
198,9251349.244,785835.195,578.248,TN
199,9251340.187,785831.005,577.824,TN
200,9251358.977,785809.067,576.648,TN
201,9251364.583,785811.294,577.254,TN
202,9251373.581,785815.657,577.974,TN
203,9251382.693,785819.771,578.972,TN
204,9251391.741,785823.982,579.791,TN
205,9251403.182,785829.313,580.790,TN
206,9251408.327,785834.529,581.313,TN
207,9251415.361,785841.608,581.525,TN
208,9251422.967,785849.430,581.486,2024_07_12_-_SDP_19_-_AÇUDE_SUPRESSAO_ST
209,9251429.438,785855.907,581.152,TN
210,9251436.412,785863.028,580.852,TN
211,9251443.103,785870.123,580.485,TN
212,9251439.087,785872.932,580.302,TN
213,9251437.002,785879.236,579.976,TN
214,9251434.729,785885.532,579.362,TN
215,9251429.755,785889.073,578.854,TN
216,9251425.835,785885.068,579.099,TN
217,9251427.870,785878.616,579.604,TN
218,9251429.976,785872.160,580.020,TN
219,9251432.075,785865.718,580.443,TN
220,9251425.061,785858.600,580.699,TN
221,9251423.029,785865.030,580.226,TN
222,9251420.906,785871.461,579.846,TN
223,9251418.807,785877.915,579.384,TN
224,9251411.900,785870.825,579.513,TN
225,9251413.938,785864.487,579.988,TN
226,9251415.990,785857.950,580.473,TN
227,9251418.030,785851.447,581.075,TN
228,9251411.061,785844.306,581.247,TN
229,9251408.961,785850.712,580.596,TN
230,9251406.917,785857.268,580.058,TN
231,9251404.747,785863.620,579.676,TN
232,9251397.771,785856.533,579.957,TN
233,9251399.924,785850.196,580.329,TN
234,9251401.917,785843.680,581.054,TN
235,9251404.068,785837.190,581.219,TN
236,9251400.362,785833.448,580.869,TN
237,9251396.839,785838.472,580.742,TN
238,9251393.356,785843.406,580.354,TN
239,9251390.748,785849.415,579.911,TN
240,9251389.834,785848.386,579.928,TN
241,9251392.707,785843.146,580.330,TN
242,9251394.334,785837.320,580.604,TN
243,9251396.030,785831.514,580.626,TN
244,9251386.983,785827.276,579.747,TN
245,9251385.331,785833.087,580.060,TN
246,9251383.709,785838.986,579.929,TN
247,9251381.968,785844.791,579.760,TN
248,9251372.874,785840.595,579.347,TN
249,9251374.560,785834.809,579.405,TN
250,9251376.253,785828.947,579.258,TN
251,9251377.955,785823.077,578.809,TN
252,9251368.811,785818.848,578.269,TN
253,9251367.152,785824.733,578.586,TN
254,9251365.463,785830.560,578.794,TN
255,9251363.790,785836.436,578.874,TN
256,9251354.758,785832.221,578.469,TN
257,9251356.393,785826.409,578.330,TN
258,9251358.105,785820.535,578.050,TN
259,9251359.682,785814.698,577.742,TN
260,9251350.660,785810.522,576.556,TN
261,9251348.931,785816.365,577.407,TN
262,9251347.277,785822.225,577.717,TN
263,9251345.624,785828.040,578.095,2024_07_12_-_SDP_19_-_AÇUDE_4_ST
264,9251329.902,785826.372,577.136,2024_07_12_-_SDP_19_-_AÇUDE_SUPRESSAO_ST
265,9251310.032,785816.982,575.069,alagado
266,9251324.599,785817.624,575.315,alagado
267,9251329.979,785817.714,575.442,alagado
268,9251336.322,785812.084,575.595,alagado
269,9251333.424,785814.722,575.421,alagado
270,9251336.649,785823.860,577.478,TN
271,9251338.324,785817.988,577.027,TN
272,9251344.372,785805.826,575.975,alagado
273,9251348.694,785804.272,576.131,alagado
274,9251535.603,786058.290,580.923,TN
275,9251302.206,785813.608,575.012,2024_07_12_-_SDP_19_-_AÇUDE_SUPRESSAO_ST
276,9251285.760,785805.885,575.400,TN
277,9251276.652,785801.623,575.676,TN
278,9251267.615,785797.475,575.787,TN
279,9251258.541,785793.178,575.874,TN
280,9251249.498,785788.984,575.991,TN
281,9251240.379,785784.849,576.320,TN
282,9251231.209,785780.599,576.587,TN
283,9251222.218,785776.451,577.014,TN
284,9251213.179,785772.225,577.505,TN
285,9251204.033,785768.032,577.722,TN
286,9251195.050,785763.871,578.019,TN
287,9251185.934,785759.632,578.458,TN
288,9251176.854,785755.451,578.398,TN
289,9251167.703,785751.290,577.963,TN
290,9251205.138,785738.121,579.306,TN
291,9251210.147,785740.116,579.163,TN
292,9251219.254,785744.266,578.747,TN
293,9251228.340,785748.445,578.333,TN
294,9251237.352,785752.586,577.924,TN
295,9251246.488,785756.844,577.621,TN
296,9251255.558,785760.964,577.435,TN
297,9251264.640,785765.206,577.347,TN
298,9251273.683,785769.383,577.282,TN
299,9251282.832,785773.601,576.960,TN
300,9251291.939,785777.811,576.718,TN
301,9251300.915,785782.040,576.577,TN
302,9251309.992,785786.200,576.415,TN
303,9251319.122,785790.444,576.173,TN
304,9251328.183,785794.564,576.080,TN
305,9251334.491,785797.625,575.975,2024_07_12_-_SDP_19_-_AÇUDE_SUPRESSAO_ST
306,9251332.535,785799.151,575.885,alagado
307,9251327.140,785803.902,575.461,alagado
308,9251315.423,785802.941,575.291,2024_07_12_-_SDP_19_-_AÇUDE_2_ST
309,9251308.464,785808.935,575.173,2024_07_12_-_SDP_19_-_AÇUDE_2_ST
310,9251300.719,785806.808,575.319,TN
311,9251301.974,785801.230,575.975,TN
312,9251304.231,785794.887,576.041,TN
313,9251305.269,785789.494,576.357,TN
314,9251296.167,785785.325,576.517,TN
315,9251294.530,785791.119,576.106,TN
316,9251292.817,785797.063,575.792,TN
317,9251291.129,785802.915,575.470,TN
318,9251282.148,785798.688,575.813,TN
319,9251283.820,785792.771,576.027,TN
320,9251285.421,785786.994,576.248,TN
321,9251287.106,785781.164,576.643,TN
322,9251278.067,785776.912,576.982,TN
323,9251276.344,785782.761,576.503,TN
324,9251274.735,785788.610,576.230,TN
325,9251273.056,785794.404,575.948,TN
326,9251263.992,785790.245,576.084,TN
327,9251265.661,785784.424,576.385,TN
328,9251267.283,785778.602,576.792,TN
329,9251268.926,785772.790,577.180,TN
330,9251259.914,785768.527,577.181,TN
331,9251258.257,785774.343,576.825,TN
332,9251256.580,785780.201,576.420,TN
333,9251254.882,785786.061,576.249,TN
334,9251245.878,785781.884,576.699,TN
335,9251247.503,785776.139,576.734,TN
336,9251249.146,785770.141,577.012,TN
337,9251250.792,785764.311,577.401,TN
338,9251241.732,785760.130,577.632,TN
339,9251240.084,785765.981,577.444,TN
340,9251238.414,785771.821,577.102,TN
341,9251236.751,785777.622,576.726,TN
342,9251227.702,785773.474,576.986,TN
343,9251229.285,785767.660,577.249,TN
344,9251231.002,785761.853,577.709,TN
345,9251232.647,785755.937,577.843,TN
346,9251223.586,785751.726,578.326,TN
347,9251221.937,785757.557,578.034,TN
348,9251220.339,785763.460,577.603,TN
349,9251218.615,785769.288,577.424,TN
350,9251209.531,785765.094,577.890,TN
351,9251211.199,785759.235,578.037,TN
352,9251212.836,785753.417,578.265,TN
353,9251214.526,785747.514,578.542,TN
354,9251206.206,785743.054,579.153,TN
355,9251203.803,785749.155,578.533,TN
356,9251202.120,785755.020,578.361,TN
357,9251200.496,785760.841,578.175,TN
358,9251191.340,785756.700,578.563,TN
359,9251193.001,785750.886,578.612,TN
360,9251194.711,785744.990,578.912,TN
361,9251196.364,785739.130,579.279,TN
362,9251201.118,785735.848,579.338,TN
363,9251191.967,785731.641,579.128,TN
364,9251182.955,785727.469,578.341,TN
365,9251173.094,785722.929,576.728,TN
366,9251164.624,785718.991,575.814,2024_07_12_-_SDP_19_-_AÇUDE_SUPRESSAO_ST
367,9251155.656,785714.882,575.050,TN
368,9251146.927,785711.126,574.177,TN
369,9251137.791,785706.755,573.777,TN
370,9251128.257,785702.006,574.428,TN
371,9251118.143,785697.802,574.437,TN
372,9251110.369,785694.383,575.746,TN
373,9251099.018,785688.681,576.924,TN
374,9251092.089,785685.549,577.336,TN
375,9251082.585,785681.182,578.127,TN
376,9251075.284,785678.247,578.938,TN
377,9251064.985,785672.968,580.032,TN
378,9251055.863,785668.697,580.333,TN
379,9251048.027,785665.482,579.978,TN
380,9251037.739,785660.318,579.187,TN
381,9251028.636,785656.141,578.353,TN
382,9251017.723,785651.152,578.242,TN
383,9250995.336,785671.778,575.469,TN
384,9251004.425,785675.651,574.834,TN
385,9251013.393,785679.943,574.673,TN
386,9251022.379,785684.135,575.451,TN
387,9251032.194,785688.840,575.563,TN
388,9251040.644,785692.510,575.529,TN
389,9251049.787,785696.691,575.355,TN
390,9251060.795,785701.888,574.775,TN
391,9251067.890,785705.080,574.637,TN
392,9251076.990,785709.278,573.356,açude TN
393,9251087.922,785713.916,572.978,2024_07_12_-_SDP_19_-_AÇUDE_SUPRESSAO_ST
394,9251097.358,785714.438,573.010,açude
395,9251109.908,785714.748,573.022,açude
396,9251119.014,785714.057,572.988,açude
397,9251128.422,785718.489,573.075,açude
398,9251131.430,785734.554,573.925,TN
399,9251140.519,785738.721,575.090,TN
400,9251150.549,785743.301,575.820,TN
401,9251158.040,785747.030,576.582,TN
402,9251187.283,785734.931,579.033,TN
403,9251185.570,785740.857,578.815,TN
404,9251183.901,785746.607,578.739,TN
405,9251182.278,785752.512,578.620,TN
406,9251178.185,785730.726,578.222,TN
407,9251176.527,785736.605,578.203,TN
408,9251174.793,785742.430,578.178,TN
409,9251173.269,785748.323,578.254,TN
410,9251164.177,785744.066,577.132,TN
411,9251165.770,785738.279,577.163,TN
412,9251167.450,785732.421,577.487,TN
413,9251169.103,785726.646,576.838,TN
414,9251160.063,785722.389,575.790,TN
415,9251158.404,785728.195,576.228,TN
416,9251156.728,785734.077,576.245,TN
417,9251155.036,785739.794,576.200,TN
418,9251145.967,785735.683,575.157,TN
419,9251147.675,785729.785,574.967,TN
420,9251149.339,785723.970,574.789,TN
421,9251151.027,785718.234,574.525,TN
422,9251141.916,785713.960,573.921,TN
423,9251140.249,785719.788,573.977,TN
424,9251138.548,785725.749,574.052,TN
425,9251136.914,785731.501,574.136,TN
426,9251128.985,785726.533,573.027,açude
427,9251129.773,785720.899,572.983,açude
428,9251131.185,785715.572,573.667,açude
429,9251132.838,785709.877,573.633,açude
430,9251122.126,785711.342,573.617,açude
431,9251123.676,785705.660,573.906,TN
432,9251114.758,785701.477,573.966,TN
433,9251113.040,785707.186,573.390,açude
434,9251102.041,785708.803,574.300,TN
435,9251103.893,785702.950,575.068,TN
436,9251105.449,785697.191,575.781,TN
437,9251096.457,785692.993,576.416,TN
438,9251094.891,785698.797,575.647,TN
439,9251093.156,785704.628,574.548,TN
440,9251091.540,785710.496,573.729,TN
441,9251082.403,785706.251,574.564,TN
442,9251084.043,785700.522,575.515,TN
443,9251085.755,785694.600,576.021,TN
444,9251087.377,785688.676,577.060,TN
445,9251078.358,785684.598,577.645,TN
446,9251076.639,785690.422,576.892,TN
447,9251075.086,785696.229,575.895,TN
448,9251073.413,785701.940,575.120,TN
449,9251064.025,785697.954,575.441,TN
450,9251065.927,785692.113,576.041,TN
451,9251067.718,785686.335,576.951,TN
452,9251069.177,785680.434,578.520,TN
453,9251060.200,785676.215,579.161,TN
454,9251057.658,785681.845,577.388,TN
455,9251056.879,785687.932,576.003,TN
456,9251055.167,785693.741,575.744,TN
457,9251046.139,785689.582,576.038,TN
458,9251048.216,785684.037,576.880,TN
459,9251049.488,785677.890,578.358,TN
460,9251051.137,785672.004,579.411,TN
461,9251042.078,785667.861,579.111,TN
462,9251040.346,785673.702,578.106,TN
463,9251038.720,785679.462,577.138,TN
464,9251037.050,785685.039,576.508,TN
465,9251028.154,785681.142,576.341,TN
466,9251029.772,785675.372,576.907,TN
467,9251031.251,785669.507,577.637,TN
468,9251032.954,785663.674,578.497,TN
469,9251024.271,785659.353,577.450,TN
470,9251022.380,785665.315,577.136,TN
471,9251020.650,785671.153,576.075,TN
472,9251018.974,785676.829,575.560,TN
473,9251009.838,785672.841,575.088,TN
474,9251011.440,785667.083,575.799,TN
475,9251013.122,785661.179,576.646,TN
476,9251014.812,785655.215,577.791,TN
477,9251011.668,785648.264,579.105,TN
478,9251001.459,785643.563,579.879,TN
479,9250992.575,785639.436,580.435,2024_07_12_-_SDP_19_-_AÇUDE_SUPRESSAO_VT
480,9250985.426,785632.034,581.772,TN
481,9250978.407,785624.878,582.306,TN
482,9250971.523,785617.783,581.879,TN
483,9250963.038,785609.138,581.425,2024_07_12_-_SDP_19_-_AÇUDE_SUPRESSAO_ST
484,9250957.637,785603.390,581.585,TN
485,9250949.964,785595.627,581.411,2024_07_12_-_SDP_19_-_AÇUDE_SUPRESSAO_ST
486,9250935.684,785581.003,580.725,TN
487,9250929.745,785574.683,580.049,TN
488,9250922.782,785567.567,578.109,2024_07_12_-_SDP_19_-_AÇUDE_SUPRESSAO_ST
489,9250886.423,785569.905,572.542,TN
490,9250893.294,785577.479,573.519,2024_07_12_-_SDP_19_-_AÇUDE_SUPRESSAO_ST
491,9250900.213,785584.589,574.674,TN
492,9250906.639,785591.234,576.386,TN
493,9250912.639,785597.341,576.741,TN
494,9250921.143,785605.951,576.577,TN
495,9250929.716,785615.021,576.456,2024_07_12_-_SDP_19_-_AÇUDE_SUPRESSAO_ST
496,9250935.182,785620.423,576.622,TN
497,9250943.099,785628.838,576.727,2024_07_12_-_SDP_19_-_AÇUDE_SUPRESSAO_ST
498,9250949.005,785634.819,577.065,TN
499,9250955.919,785641.823,577.381,TN
500,9250965.311,785651.590,578.147,TN
501,9250969.837,785656.189,577.961,TN
502,9250976.041,785662.699,577.257,TN
503,9250986.231,785667.327,576.404,TN
504,9251002.439,785662.654,576.498,TN
505,9251004.003,785656.936,577.377,TN
506,9251005.714,785651.050,578.533,TN
507,9250997.286,785646.797,579.190,TN
508,9250995.052,785652.636,578.251,TN
509,9250993.312,785658.469,577.400,TN
510,9250991.686,785664.457,576.601,TN
511,9250982.650,785660.086,577.594,TN
512,9250984.225,785654.314,578.314,TN
513,9250982.708,785653.508,578.487,TN
514,9250979.104,785658.582,577.822,TN
515,9250988.088,785642.001,580.051,TN
516,9250989.663,785643.634,579.763,TN
517,9250981.246,785634.722,581.183,TN
518,9250979.120,785641.187,580.151,TN
519,9250976.819,785647.681,579.297,TN
520,9250974.679,785654.114,578.514,TN
521,9250967.984,785647.013,578.886,TN
522,9250970.028,785640.350,579.592,TN
523,9250972.086,785634.122,580.587,TN
524,9250974.084,785627.528,581.708,TN
525,9250967.235,785620.515,580.847,2024_07_12_-_SDP_19_-_AÇUDE_1_ST
526,9250965.169,785626.908,580.233,TN
527,9250962.553,785633.347,579.167,TN
528,9250960.921,785639.863,578.425,TN
529,9250953.952,785632.648,577.870,TN
530,9250955.988,785626.214,578.455,TN
531,9250958.247,785619.689,579.775,TN
532,9250960.181,785613.352,580.602,TN
533,9250953.065,785605.845,580.638,TN
534,9250951.097,785612.637,579.559,TN
535,9250949.131,785619.141,578.448,TN
536,9250946.743,785625.658,577.546,TN
537,9250939.920,785618.297,577.304,TN
538,9250942.012,785611.928,578.263,TN
539,9250944.228,785605.405,579.362,TN
540,9250946.623,785598.707,580.621,TN
541,9250939.126,785591.930,580.182,TN
542,9250937.268,785598.091,579.264,TN
543,9250935.235,785604.624,578.169,TN
544,9250933.129,785611.171,577.143,TN
545,9250926.072,785603.790,577.217,TN
546,9250928.067,785597.493,578.185,TN
547,9250929.649,785591.801,579.064,TN
548,9250932.646,785584.395,580.092,TN
549,9250925.350,785577.359,579.026,TN
550,9250923.381,785583.704,578.568,TN
551,9250921.168,785590.357,578.195,TN
552,9250919.161,785596.846,577.475,TN
553,9250912.065,785589.687,577.088,TN
554,9250914.156,785583.118,577.031,TN
555,9250916.797,785577.399,577.072,TN
556,9250916.495,785576.619,576.942,TN
557,9250921.445,785573.420,577.941,TN
558,9250918.466,785570.307,576.961,TN
559,9250912.155,785580.925,576.393,TN
560,9250907.735,785584.934,576.000,TN
561,9250905.105,785582.463,575.320,TN
562,9250907.171,785575.882,574.906,TN
563,9250909.247,785569.415,574.740,TN
564,9250911.387,785563.204,574.685,TN
565,9250913.138,785557.645,574.608,TN
566,9250908.780,785553.057,573.608,TN
567,9250901.759,785545.943,572.626,TN
568,9250894.937,785538.882,572.246,TN
569,9250887.817,785531.777,572.143,TN
570,9250880.989,785524.451,573.345,TN
571,9250873.925,785517.282,574.874,TN
572,9250866.765,785509.899,575.662,TN
573,9250860.032,785502.910,574.501,TN
574,9250851.636,785494.344,574.202,TN
575,9250846.092,785488.617,574.643,TN
576,9250839.160,785481.490,574.726,TN
577,9250832.126,785474.287,574.390,TN
578,9250825.145,785467.030,574.331,TN
579,9250818.199,785459.894,574.233,TN
580,9250811.378,785452.808,574.086,TN
581,9250804.289,785445.439,573.601,TN
582,9250797.462,785438.435,573.574,TN
583,9250790.241,785431.093,573.415,rocha
584,9250783.193,785424.102,572.559,rocha
585,9250779.976,785420.198,570.408,RIACHO
586,9250775.355,785415.570,570.897,RIACHO
587,9250768.343,785408.383,573.647,2024_07_12_-_SDP_19_-_AÇUDE_SUPRESSAO_ST
588,9250768.346,785408.381,573.654,rocha
589,9250761.042,785400.269,576.328,TN
590,9250759.026,785399.043,580.633,rocha
591,9250753.614,785393.278,580.057,rocha
592,9250741.540,785380.913,580.063,TN
593,9250734.619,785373.674,580.483,TN
594,9250727.760,785366.600,580.835,TN
595,9250720.691,785359.456,581.528,TN
596,9250716.370,785362.082,582.057,TN
597,9250711.053,785365.428,582.691,TN
598,9250702.580,785370.708,583.986,TN
599,9250696.336,785374.539,584.767,TN
600,9250705.606,785384.377,584.442,TN
601,9250712.259,785390.970,584.111,TN
602,9250719.097,785398.064,583.492,TN
603,9250726.012,785405.242,582.526,TN
604,9250733.077,785412.344,580.782,TN
605,9250739.919,785419.514,578.472,TN
606,9250746.929,785426.702,576.077,TN
607,9250753.952,785433.874,573.886,TN
608,9250761.029,785441.036,572.226,TN
609,9250767.884,785448.128,570.755,TN
610,9250774.290,785455.061,569.446,RIACHO
611,9250781.891,785462.511,570.495,TN
612,9250790.001,785471.065,571.407,TN
613,9250795.675,785477.083,571.649,TN
614,9250802.780,785484.158,572.068,TN
615,9250809.630,785491.247,571.970,TN
616,9250816.536,785498.501,571.801,TN
617,9250823.718,785505.527,571.814,TN
618,9250830.538,785512.839,571.803,TN
619,9250837.687,785519.975,571.797,TN
620,9250844.474,785527.198,571.576,TN
621,9250851.559,785534.424,571.289,TN
622,9250858.369,785541.555,570.133,2024_07_12_-_SDP_19_-_AÇUDE_SUPRESSAO_ST
623,9250865.423,785548.702,569.860,RIACHO
624,9250872.322,785555.830,569.551,RIACHO
625,9250880.194,785563.889,570.979,2024_07_12_-_SDP_19_-_AÇUDE_SUPRESSAO_ST
626,9250898.160,785575.244,573.459,TN
627,9250900.244,785568.845,572.871,TN
628,9250902.413,785562.270,572.688,TN
629,9250904.453,785555.785,573.051,TN
630,9250897.937,785549.345,572.236,TN
631,9250895.484,785555.226,572.252,TN
632,9250893.247,785561.676,571.969,rocha
633,9250891.295,785568.129,572.393,TN
634,9250884.281,785560.826,569.585,RIACHO
635,9250886.264,785554.436,572.269,TN
636,9250888.479,785547.870,572.424,TN
637,9250890.806,785541.393,572.397,TN
638,9250883.739,785534.403,572.283,TN
639,9250881.452,785541.016,572.356,TN
640,9250879.258,785547.272,572.376,rocha
641,9250877.189,785553.580,571.455,rocha
642,9250870.323,785546.497,572.209,rocha
643,9250872.270,785540.155,571.647,rocha
644,9250874.453,785533.623,572.417,TN
645,9250876.618,785527.221,573.245,TN
646,9250869.565,785520.127,573.572,TN
647,9250865.299,785533.011,572.169,TN
648,9250863.320,785539.400,570.914,rocha
649,9250856.798,785531.828,571.790,TN
650,9250858.580,785525.616,572.684,TN
651,9250860.483,785519.654,573.492,TN
652,9250862.733,785513.168,574.498,TN
653,9250855.635,785505.623,573.886,TN
654,9250850.579,785512.629,573.084,TN
655,9250851.418,785518.567,572.871,TN
656,9250849.413,785525.007,572.141,TN
657,9250842.410,785517.637,572.235,TN
658,9250844.463,785511.405,572.676,TN
659,9250846.475,785504.635,573.314,TN
660,9250848.586,785498.552,573.800,TN
661,9250841.703,785491.259,574.284,TN
662,9250839.665,785497.813,573.586,rocha
663,9250837.481,785504.300,572.611,TN
664,9250835.566,785510.617,572.138,2024_07_12_-_SDP_19_-_AÇUDE_4_ST
665,9250828.546,785503.258,572.211,TN
666,9250830.436,785497.061,572.738,TN
667,9250832.740,785490.830,573.436,TN
668,9250834.597,785484.284,574.255,rocha
669,9250827.743,785477.068,573.943,TN
670,9250825.687,785483.460,573.492,TN
671,9250823.727,785489.834,573.106,rocha
672,9250821.446,785495.016,572.473,rocha
673,9250814.677,785489.437,572.456,rocha
674,9250816.570,785482.722,573.364,rocha
675,9250818.776,785476.413,573.425,TN
676,9250820.811,785469.671,573.905,TN
677,9250813.747,785462.667,573.786,TN
678,9250811.782,785468.931,573.452,rocha
679,9250809.816,785475.485,572.832,TN
680,9250807.531,785481.780,572.432,TN
681,9250801.133,785475.037,572.180,TN
682,9250802.729,785468.230,572.688,TN
683,9250804.736,785461.772,573.048,TN
684,9250806.985,785455.307,573.380,TN
685,9250801.562,785450.044,573.135,TN
686,9250797.886,785454.697,572.612,TN
687,9250793.792,785459.124,572.064,TN
688,9250790.204,785463.733,571.595,TN
689,9250786.618,785460.493,571.363,TN
690,9250788.728,785454.135,571.983,TN
691,9250790.847,785447.590,572.491,TN
692,9250792.115,785441.020,573.055,rocha
693,9250785.981,785433.819,571.824,rocha
694,9250779.290,785438.853,570.085,RIACHO
695,9250776.986,785446.908,570.282,RIACHO
696,9250774.616,785451.194,569.524,RIACHO
697,9250772.690,785446.048,569.956,RIACHO
698,9250774.757,785439.404,569.978,RIACHO
699,9250776.760,785433.090,570.377,RIACHO
700,9250778.980,785426.663,570.087,RIACHO
701,9250772.019,785419.535,571.843,TN
702,9250769.952,785426.062,571.492,TN
703,9250767.791,785432.557,571.750,TN
704,9250765.716,785438.831,571.708,TN
705,9250758.913,785431.721,573.238,TN
706,9250761.055,785425.402,573.905,TN
707,9250763.016,785418.854,575.514,rocha
708,9250765.124,785421.160,575.498,2024_07_12_-_SDP_19_-_AÇUDE_2_ST
709,9250765.104,785412.401,573.494,TN
710,9250758.155,785405.253,578.488,rocha
711,9250756.091,785411.793,576.007,TN
712,9250753.962,785418.154,575.386,TN
713,9250751.936,785424.583,575.108,TN
714,9250744.854,785417.435,577.271,TN
715,9250746.953,785410.910,577.340,TN
716,9250748.870,785404.579,577.633,TN
717,9250751.132,785398.182,578.136,TN
718,9250744.241,785390.816,579.293,TN
719,9250742.974,785397.292,579.008,TN
720,9250739.972,785403.732,579.136,TN
721,9250737.944,785410.280,580.207,rocha
722,9250730.991,785403.078,581.680,TN
723,9250733.067,785396.631,581.250,TN
724,9250735.293,785390.227,580.606,TN
725,9250737.231,785383.752,580.434,TN
726,9250730.335,785376.571,580.920,TN
727,9250728.287,785382.888,581.529,TN
728,9250721.159,785375.780,581.869,TN
729,9250723.407,785369.366,581.324,TN
730,9250755.503,785387.324,580.875,rocha
731,9250752.662,785388.573,580.678,rocha
732,9250751.272,785389.316,580.441,rocha
733,9250757.860,785392.285,580.983,rocha
734,9250755.238,785394.317,580.278,rocha
735,9250753.583,785395.338,579.709,rocha
736,9250755.186,785398.489,579.938,rocha
737,9250759.343,785396.706,580.977,2024_07_12_-_SDP_19_-_AÇUDE_SUPRESSAO_ST
738,9250759.329,785397.522,580.984,rocha
739,9250756.317,785400.891,580.055,rocha
740,9250759.548,785400.160,580.276,rocha
741,9250759.574,785405.554,578.493,rocha